Final Sequence
((((...)))).
UUAAGAGUUAAA

free energy of ensemble: -0.05186 kcal/mol, free energy:  1.70000 kcal/mol
log Q(x): 0.0841, deltaG / kT:   2.7583, -log p(y|x):   2.8424
p(y|x) =   0.0583

Final Distribution
 1: 0.00, 0.00, 0.00, 1.00
 2: 0.00, 0.00, 0.00, 1.00
 3: 0.62, 0.00, 0.38, 0.00
 4: 0.57, 0.00, 0.43, 0.00
 5: 0.03, 0.00, 0.81, 0.16
 6: 0.31, 0.09, 0.30, 0.30
 7: 0.28, 0.03, 0.41, 0.28
 8: 0.00, 0.00, 0.00, 1.00
 9: 0.00, 0.00, 0.00, 1.00
10: 0.86, 0.00, 0.14, 0.00
11: 0.51, 0.00, 0.49, 0.00
12: 0.31, 0.10, 0.30, 0.29


Total Time: 97.47 seconds.
Average Time: 0.0975 seconds.
Final Sequence
(((((......)))))
UUUUAGAAGAUUAAAG

free energy of ensemble: -0.10301 kcal/mol, free energy:  1.70000 kcal/mol
log Q(x): 0.1671, deltaG / kT:   2.7583, -log p(y|x):   2.9254
p(y|x) =   0.0536

Final Distribution
 1: 0.00, 0.00, 0.00, 1.00
 2: 0.00, 0.00, 0.00, 1.00
 3: 0.00, 0.00, 0.00, 1.00
 4: 0.00, 0.00, 0.00, 1.00
 5: 0.76, 0.00, 0.24, 0.00
 6: 0.04, 0.00, 0.73, 0.23
 7: 0.38, 0.04, 0.22, 0.37
 8: 0.34, 0.00, 0.33, 0.33
 9: 0.33, 0.00, 0.34, 0.33
10: 0.26, 0.23, 0.26, 0.24
11: 0.27, 0.00, 0.33, 0.40
12: 0.00, 0.00, 0.00, 1.00
13: 0.80, 0.00, 0.20, 0.00
14: 0.55, 0.00, 0.45, 0.00
15: 0.57, 0.00, 0.43, 0.00
16: 0.49, 0.00, 0.51, 0.00


Total Time: 883.87 seconds.
Average Time: 0.8839 seconds.
Final Sequence
((....)).((....))
UUGAUAGAUCUGUUGGG

free energy of ensemble: -0.15673 kcal/mol, free energy:  6.30000 kcal/mol
log Q(x): 0.2543, deltaG / kT:  10.2219, -log p(y|x):  10.4762
p(y|x) =   0.0000

Final Distribution
 1: 0.00, 0.00, 0.00, 1.00
 2: 0.00, 0.00, 0.00, 1.00
 3: 0.00, 0.00, 0.76, 0.23
 4: 0.46, 0.00, 0.13, 0.42
 5: 0.37, 0.00, 0.20, 0.43
 6: 0.68, 0.00, 0.00, 0.32
 7: 0.25, 0.00, 0.75, 0.00
 8: 0.69, 0.00, 0.31, 0.00
 9: 0.31, 0.00, 0.33, 0.36
10: 0.00, 1.00, 0.00, 0.00
11: 0.00, 0.00, 0.00, 1.00
12: 0.09, 0.00, 0.82, 0.09
13: 0.29, 0.00, 0.34, 0.37
14: 0.29, 0.00, 0.30, 0.41
15: 0.36, 0.00, 0.54, 0.10
16: 0.24, 0.00, 0.76, 0.00
17: 0.00, 0.00, 1.00, 0.00


Total Time: 1307.88 seconds.
Average Time: 1.3079 seconds.
